sr 0 1 1
2 0 3428 5235 5235 5231
sr 6700 10245 10245
2 0 10248 10472 15707 15703
sr 13520 20717 20717
2 0 17068 10472 26179 26175
sr 20340 31189 31189
2 0 23888 10472 36651 36647
sr 27160 41661 41661
2 0 30708 10472 47123 47119
sr 33980 52133 52133
2 0 37528 10472 57595 57591
sr 40800 62605 62605
2 0 44348 10472 68067 68063
sr 47620 73077 73077
2 0 51168 10472 78539 78535
sr 54440 83549 83549
2 0 57988 10472 89011 89007
sr 61260 94021 94021
2 0 64808 10472 99483 99479
sr 68080 104493 104493
2 0 71628 10472 109955 109951
sr 74900 114965 114965
2 0 78448 10472 120427 120423
sr 81720 125437 125437
2 0 85268 10472 130899 130895
sr 88540 135909 135909
2 0 92088 10472 141371 141367
sr 95360 146381 146381
2 0 98908 10472 151843 151839
100000 153507
